,Pred,GroundTruth
0,3,3
1,3,3
2,3,3
3,3,1
4,3,3
5,3,1
6,3,1
7,1,1
8,3,3
9,3,2
10,3,3
11,1,1
12,3,3
13,1,1
14,3,3
15,3,3
16,3,1
17,3,3
18,1,1
19,3,3
20,3,1
21,3,1
22,3,3
23,1,1
24,1,1
25,3,1
26,3,3
27,3,3
28,1,3
29,3,3
30,3,3
31,3,0
32,3,3
33,3,3
34,3,3
35,3,3
36,3,3
37,1,1
38,1,1
39,3,1
40,3,3
41,1,3
42,3,3
43,3,3
44,1,3
45,3,3
46,1,3
47,3,3
48,1,3
49,3,3
50,3,1
51,1,2
52,3,3
53,1,1
54,3,2
55,3,3
56,3,3
57,3,1
58,3,3
59,3,1
60,1,1
61,1,1
62,1,3
63,1,1
64,3,1
65,3,1
66,3,3
67,3,3
68,3,0
69,3,1
70,3,1
71,3,3
72,3,1
73,3,3
74,3,3
75,3,3
76,1,1
77,3,3
78,3,3
79,3,0
80,3,3
81,3,3
82,3,3
83,3,3
84,3,2
85,3,3
86,1,1
87,3,1
